  time length  
  12    5
  12   11
  12    8
  12   11
  12    4
  12    4
  12    8
  12    3
  12    6
  12    4
  12    7
  12    3
  12    5
  12    4
  12    6
  12    9
  12    3
  18   11
  18   16
  18   18
  18   24
  18   18
  18   18
  18   21
  18   14
  18   21
  18   19
  18   17
  18   24
  18   14
  18   20
  18   16
  18   20
  18   22
  24   17
  24   16
  24   26
  24   18
  24   14
  24   24
  24   18
  24   14
  24   24
  24   26
  24   21
  24   21
  24   22
  24   19
  24   14
  24   19
  24   19
  30   20
  30   18
  30   22
  30   20
  30   21
  30   17
  30   16
  30   23
  30   25
  30   19
  30   21
  30   20
  30   27
  30   25
  30   22
  30   23
  30   23
